LOQO 6.02: LOQO 6.02: optimal solution (85 iterations, 187 evaluations)
primal objective 0.0008352682687
  dual objective 0.0008352643054
A0 = 75.016
A2 = -109.346
A4 = 46.714
A6 = -6.03998
A8 = 0.972967
A10 = -0.08643
L = 13.3913
K = 4.45659

