LOQO 6.02: LOQO 6.02: optimal solution (43 iterations, 87 evaluations)
primal objective 0.0001480042196
  dual objective 0.0001479771199
A0 = 8.17605
A2 = -33.1211
A4 = 40.2365
A6 = -14.7674
A8 = 3.74684
A10 = -0.389335
L = 1.62487
K = 13.9149

