LOQO 6.02: LOQO 6.02: optimal solution (77 iterations, 171 evaluations)
primal objective 0.0002153524817
  dual objective 0.0002153490368
A0 = 18.4635
A2 = -47.6149
A4 = 38.4849
A6 = -11.6176
A8 = 2.82997
A10 = -0.278844
L = 0.984688
K = 12.6032

