LOQO 6.02: LOQO 6.02: optimal solution (75 iterations, 172 evaluations)
primal objective 0.02043142299
  dual objective 0.02043142034
A0 = -19.9934
A2 = 0.276434
A4 = 10.8562
A6 = -0.189781
B = 20.6525
C = 0.692683

