LOQO 6.02: LOQO 6.02: optimal solution (104 iterations, 234 evaluations)
primal objective 5.074084183e-05
  dual objective 5.073589637e-05
A0 = 8.88296
A2 = -33.6586
A4 = 38.4316
A6 = -13.6091
A8 = 3.43992
A10 = -0.354429
L = 0.00655468
K = 13.7816

