LOQO 6.02: LOQO 6.02: optimal solution (51 iterations, 110 evaluations)
primal objective 0.04060613938
  dual objective 0.04060613105
A0 = -11.8868
A2 = -3.34152
A4 = 12.7651
A6 = -0.543907
B = 10.1712
C = 0.47086

