LOQO 6.02: LOQO 6.02: optimal solution (82 iterations, 169 evaluations)
primal objective 0.01716073941
  dual objective 0.01716073491
A0 = -10.7797
A2 = -15.3729
A4 = 13.6521
A6 = -0.0819371
B = 22.4287
C = 0.743528

