You are using the solver conopt.
Checking ampl.mod for conopt_options...
Executing AMPL.
processing data.
processing commands.
Executing on prod-exec-7.neos-server.org

50 variables, all nonlinear
0 constraints
1 nonlinear objective; 50 nonzeros.

CONOPT 3.17A: threads=4
CONOPT 3.17A: Locally optimal; objective 0.005386315317
39 iterations; evals: nf = 87, ng = 37, nc = 0, nJ = 0, nH = 6, nHv = 197
x1 = 0.0168511

x2 = 0.0323118

x3 = 0.0523918

x4 = 0.0723205

x5 = 0.0919527

x6 = 0.1111

x7 = 0.132408

x8 = 0.148932

x9 = 0.175332

x10 = 0.184978

x11 = 0.220774

x12 = 0.220774

x13 = 0.252779

x14 = 0.273403

x15 = 0.283965

x16 = 0.321502

x17 = 0.321502

x18 = 0.348719

x19 = 0.380581

x20 = 0.380581

x21 = 0.409661

x22 = 0.440191

x23 = 0.440191

x24 = 0.469951

x25 = 0.5

x26 = 0.5

x27 = 0.530049

x28 = 0.559809

x29 = 0.559809

x30 = 0.590339

x31 = 0.619419

x32 = 0.619419

x33 = 0.651281

x34 = 0.678498

x35 = 0.678498

x36 = 0.716035

x37 = 0.726597

x38 = 0.747222

x39 = 0.779226

x40 = 0.779226

x41 = 0.815022

x42 = 0.824668

x43 = 0.851068

x44 = 0.867592

x45 = 0.8889

x46 = 0.908047

x47 = 0.92768

x48 = 0.947608

x49 = 0.967688

x50 = 0.983149

obj = 0.00538632
